1.00706
0.337268
0.203579
0.146311
0.114502
0.0942631
0.0802526
0.0699788
0.0621228
0.0559208
0.0509004
0.0467531
0.0432695
0.040302
0.0377439
0.0355159
0.0335579
0.0318238
0.0302771
0.0288891
0.0276365
0.0265004
0.0254653
0.0245183
0.0236486
0.0228472
0.0221062
0.0214191
0.0207802
0.0201847
0.0196282
0.019107
0.018618
0.0181581
0.0177248
0.017316
0.0169296
0.0165638
0.016217
0.0158878
0.0155748
0.0152769
0.0149931
0.0147223
0.0144636
0.0142164
0.0139798
0.0137531
0.0135358
0.0133273
0.0131271
0.0129346
0.0127495
0.0125713
0.0123996
0.0122341
0.0120745
0.0119204
0.0117717
0.0116279
0.0114888
0.0113543
0.0112241
0.011098
0.0109758
0.0108573
0.0107423
0.0106308
0.0105225
0.0104173
0.0103151
0.0102157
0.0101191
0.010025
0.00993349
0.00984434
0.0097575
0.00967287
0.00959036
0.00950989
0.00943139
0.00935478
0.00927998
0.00920693
0.00913556
0.00906581
0.00899763
0.00893095
0.00886572
0.00880189
0.00873941
0.00867824
0.00861833
0.00855963
0.0085021
0.00844571
0.00839041
0.00833618
0.00828296
0.00823074
0.00817948
0.00812914
0.00807971
0.00803114
0.00798341
0.0079365
0.00789038
0.00784502
0.00780041
0.00775652
0.00771332
0.0076708
0.00762893
0.00758771
0.0075471
0.00750709
0.00746767
0.00742881
0.0073905
0.00735273
0.00731547
0.00727872
0.00724247
0.00720669
0.00717137
0.00713651
0.00710209
0.0070681
0.00703452
0.00700135
0.00696858
0.0069362
0.00690419
0.00687254
0.00684126
0.00681033
0.00677973
0.00674947
0.00671953
0.00668991
0.0066606
0.00663159
0.00660288
0.00657446
0.00654632
0.00651845
0.00649086
0.00646353
0.00643646
0.00640964
0.00638307
0.00635674
0.00633065
0.00630479
0.00627916
0.00625376
0.00622858
0.00620361
0.00617885
0.0061543
0.00612995
0.00610581
0.00608186
0.0060581
0.00603453
0.00601115
0.00598795
0.00596493
0.00594209
0.00591942
0.00589693
0.0058746
0.00585244
0.00583044
0.0058086
0.00578692
0.0057654
0.00574403
0.00572281
0.00570174
0.00568082
0.00566004
0.00563941
0.00561892
0.00559856
0.00557835
0.00555827
0.00553832
0.00551851
0.00549883
0.00547927
0.00545984
0.00544054
0.00542137
0.00540231
0.00538338
0.00536457
0.00534587
0.0053273
0.00530884
