2.006860000000000088e+00 3.754299999999999859e-01
2.035270000000000135e+00 3.753299999999999970e-01
2.089379999999999793e+00 3.761800000000000144e-01
2.147409999999999819e+00 3.777200000000000002e-01
2.200509999999999966e+00 3.798500000000000210e-01
2.256440000000000001e+00 3.827900000000000191e-01
2.313670000000000115e+00 3.864500000000000157e-01
2.374740000000000073e+00 3.902800000000000158e-01
2.430989999999999984e+00 3.933099999999999929e-01
2.484160000000000146e+00 3.947399999999999798e-01
2.544090000000000185e+00 3.948400000000000243e-01
2.602009999999999934e+00 3.945199999999999818e-01
2.655889999999999862e+00 3.941799999999999748e-01
2.716509999999999980e+00 3.927700000000000080e-01
2.772489999999999899e+00 3.915699999999999736e-01
2.835010000000000030e+00 3.903400000000000203e-01
2.891290000000000138e+00 3.890399999999999969e-01
2.942769999999999886e+00 3.876700000000000146e-01
3.000360000000000138e+00 3.861700000000000133e-01
3.058469999999999800e+00 3.845600000000000129e-01
3.117119999999999891e+00 3.829000000000000181e-01
3.175590000000000135e+00 3.811700000000000088e-01
3.233480000000000132e+00 3.794199999999999795e-01
3.288940000000000197e+00 3.776399999999999757e-01
3.346140000000000114e+00 3.758500000000000174e-01
3.403020000000000156e+00 3.740299999999999736e-01
3.462720000000000020e+00 3.722300000000000053e-01
3.521819999999999951e+00 3.699500000000000011e-01
3.579790000000000028e+00 3.679499999999999993e-01
3.639619999999999855e+00 3.662400000000000100e-01
3.702599999999999891e+00 3.642799999999999927e-01
3.760279999999999845e+00 3.623600000000000154e-01
3.818820000000000103e+00 3.603700000000000236e-01
3.877609999999999779e+00 3.583700000000000219e-01
3.935200000000000031e+00 3.563299999999999801e-01
3.996900000000000119e+00 3.543899999999999828e-01
4.051849999999999952e+00 3.523499999999999965e-01
4.110420000000000407e+00 3.503800000000000248e-01
4.168470000000000120e+00 3.483200000000000185e-01
4.233109999999999928e+00 3.463499999999999912e-01
4.292430000000000412e+00 3.443200000000000149e-01
4.349870000000000125e+00 3.423599999999999977e-01
4.409600000000000186e+00 3.403100000000000014e-01
4.470880000000000187e+00 3.383800000000000141e-01
4.532230000000000203e+00 3.364599999999999813e-01
4.592439999999999856e+00 3.343300000000000161e-01
4.648850000000000371e+00 3.324199999999999933e-01
4.709929999999999950e+00 3.304099999999999815e-01
4.771099999999999675e+00 3.285299999999999887e-01
4.833910000000000373e+00 3.266600000000000059e-01
4.894250000000000433e+00 3.247499999999999831e-01
4.951699999999999768e+00 3.228099999999999858e-01
5.010690000000000310e+00 3.208400000000000141e-01
5.079620000000000246e+00 3.189600000000000213e-01
5.138320000000000221e+00 3.170700000000000185e-01
5.195359999999999978e+00 3.152200000000000002e-01
5.252329999999999721e+00 3.133900000000000019e-01
5.308720000000000105e+00 3.115200000000000191e-01
5.382649999999999935e+00 3.096300000000000163e-01
5.442989999999999995e+00 3.078600000000000225e-01
5.505239999999999689e+00 3.060200000000000142e-01
5.565339999999999954e+00 3.042699999999999849e-01
5.626809999999999867e+00 3.024399999999999866e-01
5.688329999999999664e+00 3.007000000000000228e-01
5.752519999999999634e+00 2.989999999999999880e-01
5.809140000000000192e+00 2.972099999999999742e-01
5.871159999999999712e+00 2.955300000000000149e-01
5.933169999999999611e+00 2.937699999999999756e-01
5.998750000000000249e+00 2.920200000000000018e-01
6.062999999999999723e+00 2.903600000000000070e-01
6.120680000000000121e+00 2.887000000000000122e-01
6.182479999999999976e+00 2.870699999999999918e-01
6.245650000000000368e+00 2.853999999999999870e-01
6.311420000000000030e+00 2.838100000000000067e-01
6.363819999999999588e+00 2.821899999999999964e-01
6.426720000000000432e+00 2.806400000000000006e-01
6.489289999999999559e+00 2.790300000000000002e-01
6.554240000000000066e+00 2.774800000000000044e-01
6.614919999999999689e+00 2.758800000000000141e-01
6.677509999999999835e+00 2.742899999999999783e-01
6.740569999999999951e+00 2.727700000000000125e-01
6.804109999999999658e+00 2.712999999999999856e-01
6.864379999999999704e+00 2.697999999999999843e-01
6.929540000000000255e+00 2.682800000000000185e-01
6.990240000000000009e+00 2.668300000000000116e-01
7.055930000000000035e+00 2.653400000000000203e-01
7.115809999999999746e+00 2.638900000000000134e-01
7.176759999999999806e+00 2.625100000000000211e-01
7.240269999999999762e+00 2.609600000000000253e-01
7.303420000000000023e+00 2.596399999999999819e-01
7.370099999999999874e+00 2.582400000000000251e-01
7.429389999999999716e+00 2.568500000000000227e-01
7.493240000000000123e+00 2.554299999999999904e-01
7.554750000000000298e+00 2.541100000000000025e-01
7.619060000000000166e+00 2.527900000000000147e-01
7.678390000000000271e+00 2.514199999999999768e-01
7.739349999999999952e+00 2.500999999999999890e-01
7.802130000000000010e+00 2.488499999999999879e-01
7.868619999999999948e+00 2.475400000000000100e-01
7.928969999999999629e+00 2.462499999999999967e-01
7.995260000000000034e+00 2.449500000000000011e-01
8.059269999999999712e+00 2.437199999999999922e-01
8.122189999999999799e+00 2.425100000000000033e-01
8.182700000000000529e+00 2.412199999999999900e-01
8.245260000000000034e+00 2.400500000000000134e-01
8.314439999999999387e+00 2.388000000000000123e-01
8.379049999999999443e+00 2.376199999999999979e-01
8.436049999999999827e+00 2.364100000000000090e-01
8.499359999999999360e+00 2.352400000000000047e-01
8.562229999999999563e+00 2.340599999999999903e-01
8.624739999999999185e+00 2.328500000000000014e-01
8.688040000000000873e+00 2.317200000000000093e-01
8.909929999999999239e+00 2.281100000000000072e-01
8.940839999999999677e+00 2.269899999999999973e-01
9.002420000000000755e+00 2.258999999999999897e-01
9.068820000000000547e+00 2.247699999999999976e-01
9.132540000000000546e+00 2.236799999999999899e-01
9.196049999999999613e+00 2.225999999999999923e-01
9.258779999999999788e+00 2.215499999999999969e-01
9.322079999999999700e+00 2.205199999999999938e-01
9.388279999999999959e+00 2.194800000000000084e-01
9.451639999999999375e+00 2.184500000000000053e-01
9.509280000000000399e+00 2.174599999999999866e-01
9.580209999999999226e+00 2.163700000000000068e-01
9.642239999999999256e+00 2.153500000000000136e-01
9.705529999999999546e+00 2.142999999999999905e-01
9.767429999999999168e+00 2.134000000000000064e-01
9.827619999999999578e+00 2.124199999999999977e-01
9.894249999999999545e+00 2.115299999999999958e-01
9.933510000000000062e+00 2.110200000000000131e-01
9.960649999999999338e+00 2.107400000000000106e-01
9.976770000000000138e+00 2.105799999999999894e-01
9.986760000000000304e+00 2.105100000000000027e-01
9.992670000000000385e+00 2.104000000000000037e-01
9.996119999999999450e+00 2.103899999999999937e-01
9.998110000000000497e+00 2.103800000000000114e-01
9.999129999999999185e+00 2.103700000000000014e-01
9.999769999999999825e+00 2.103299999999999892e-01
1.000009999999999977e+01 2.103599999999999914e-01
1.000022000000000055e+01 2.103500000000000092e-01
1.000026000000000082e+01 2.103500000000000092e-01
1.000023999999999980e+01 2.103399999999999992e-01
1.000023999999999980e+01 2.103599999999999914e-01
1.000023999999999980e+01 2.103599999999999914e-01
1.000018000000000029e+01 2.103399999999999992e-01
1.000018999999999991e+01 2.103700000000000014e-01
1.000014000000000003e+01 2.103899999999999937e-01
1.000004999999999988e+01 2.103800000000000114e-01
1.000008000000000052e+01 2.103700000000000014e-01
1.000010999999999939e+01 2.103599999999999914e-01
1.000015999999999927e+01 2.103500000000000092e-01
1.000012000000000079e+01 2.103800000000000114e-01
1.000001999999999924e+01 2.103700000000000014e-01
1.000001999999999924e+01 2.103700000000000014e-01
1.000005999999999950e+01 2.103800000000000114e-01
9.999990000000000379e+00 2.103899999999999937e-01
1.000006999999999913e+01 2.103800000000000114e-01
1.000010999999999939e+01 2.103599999999999914e-01
1.000006999999999913e+01 2.103399999999999992e-01
1.000015999999999927e+01 2.103700000000000014e-01
1.000018000000000029e+01 2.103800000000000114e-01
1.000024999999999942e+01 2.103700000000000014e-01
1.003256000000000014e+01 2.103599999999999914e-01
1.018322000000000038e+01 2.055800000000000127e-01
1.047952000000000083e+01 2.014199999999999879e-01
1.076946000000000048e+01 1.973300000000000054e-01
1.106304000000000087e+01 1.933799999999999963e-01
1.135610999999999926e+01 1.896500000000000130e-01
1.167707000000000050e+01 1.859099999999999919e-01
1.195017999999999958e+01 1.823700000000000043e-01
1.226594000000000051e+01 1.789699999999999902e-01
1.256295000000000073e+01 1.756900000000000128e-01
1.288457000000000008e+01 1.725399999999999989e-01
1.319468999999999959e+01 1.694400000000000073e-01
1.348821000000000048e+01 1.665099999999999913e-01
1.378088999999999942e+01 1.636299999999999977e-01
1.407559999999999967e+01 1.608799999999999952e-01
1.438653000000000048e+01 1.582199999999999995e-01
1.472452000000000005e+01 1.556500000000000106e-01
1.500347999999999971e+01 1.531599999999999906e-01
1.534065000000000012e+01 1.507499999999999951e-01
1.558619999999999983e+01 1.483700000000000019e-01
1.597231000000000023e+01 1.459300000000000042e-01
1.633171000000000106e+01 1.434799999999999964e-01
1.666694000000000031e+01 1.411699999999999899e-01
1.698170999999999964e+01 1.390200000000000047e-01
1.728817000000000093e+01 1.369400000000000062e-01
1.757356000000000051e+01 1.349799999999999889e-01
1.791616000000000142e+01 1.330999999999999961e-01
1.819921000000000078e+01 1.312899999999999900e-01
1.851219999999999999e+01 1.295399999999999885e-01
1.884354000000000084e+01 1.278499999999999914e-01
1.916175000000000139e+01 1.262000000000000066e-01
1.945260999999999996e+01 1.245499999999999940e-01
1.973667999999999978e+01 1.229500000000000037e-01
2.007747000000000170e+01 1.214100000000000040e-01
2.037900000000000134e+01 1.198700000000000043e-01
2.069257999999999953e+01 1.183799999999999991e-01
2.098242000000000118e+01 1.169599999999999945e-01
2.128024999999999878e+01 1.155599999999999961e-01
2.159510999999999825e+01 1.141599999999999976e-01
2.189642999999999873e+01 1.128299999999999997e-01
2.223278000000000176e+01 1.115300000000000041e-01
2.252053000000000083e+01 1.102599999999999969e-01
2.282291999999999987e+01 1.090399999999999980e-01
2.314596999999999838e+01 1.078199999999999992e-01
2.348427999999999827e+01 1.066200000000000064e-01
2.375561000000000078e+01 1.054900000000000004e-01
2.407376999999999967e+01 1.043700000000000044e-01
2.437406999999999968e+01 1.032499999999999946e-01
2.468939999999999912e+01 1.021699999999999969e-01
2.497928999999999888e+01 1.011100000000000054e-01
2.529497999999999891e+01 1.000800000000000023e-01
2.559879000000000104e+01 9.908999999999999753e-02
2.594405000000000072e+01 9.808000000000000052e-02
2.625630999999999915e+01 9.712999999999999412e-02
2.654779999999999873e+01 9.617000000000000548e-02
2.686686999999999870e+01 9.524000000000000521e-02
2.713320999999999827e+01 9.433999999999999331e-02
2.743477000000000032e+01 9.343999999999999528e-02
2.775159999999999982e+01 9.256999999999999951e-02
2.807285999999999859e+01 9.170999999999999985e-02
2.837478000000000122e+01 9.087000000000000632e-02
2.866093000000000046e+01 9.006000000000000116e-02
2.899729999999999919e+01 8.923999999999999988e-02
2.930341999999999913e+01 8.845000000000000084e-02
2.964227999999999952e+01 8.766000000000000181e-02
2.993331999999999837e+01 8.688999999999999502e-02
3.023761000000000010e+01 8.615000000000000435e-02
3.054832000000000036e+01 8.540999999999999981e-02
3.086440999999999946e+01 8.469000000000000139e-02
3.121265999999999963e+01 8.397000000000000297e-02
3.149510000000000076e+01 8.326999999999999680e-02
3.179154000000000124e+01 8.258999999999999675e-02
3.211435999999999780e+01 8.192000000000000670e-02
3.244154000000000337e+01 8.128000000000000502e-02
3.276386999999999716e+01 8.060000000000000497e-02
3.304905000000000115e+01 7.994999999999999329e-02
3.337601000000000084e+01 7.932999999999999774e-02
3.364399999999999835e+01 7.868999999999999606e-02
3.398143999999999920e+01 7.802000000000000601e-02
3.425753000000000270e+01 7.742000000000000270e-02
3.456777999999999906e+01 7.682999999999999552e-02
3.488609000000000293e+01 7.625999999999999446e-02
3.517649999999999721e+01 7.568999999999999340e-02
3.548846000000000345e+01 7.513000000000000234e-02
3.580317999999999756e+01 7.457999999999999352e-02
3.611543999999999954e+01 7.403999999999999471e-02
3.638924000000000092e+01 7.349999999999999589e-02
3.672270999999999930e+01 7.298000000000000320e-02
3.703750000000000142e+01 7.247000000000000663e-02
3.739088999999999885e+01 7.195999999999999619e-02
3.768316000000000088e+01 7.144999999999999962e-02
3.800446999999999775e+01 7.095999999999999530e-02
3.830301999999999651e+01 7.047000000000000486e-02
3.858979999999999677e+01 6.998999999999999666e-02
3.891071999999999775e+01 6.951999999999999846e-02
3.922308999999999912e+01 6.905000000000000027e-02
3.955883000000000038e+01 6.858999999999999819e-02
3.987651999999999930e+01 6.815000000000000224e-02
4.015364000000000289e+01 6.769999999999999629e-02
4.051467000000000240e+01 6.726999999999999647e-02
4.078493999999999886e+01 6.683000000000000052e-02
4.109886000000000195e+01 6.640000000000000069e-02
4.146916999999999831e+01 6.598999999999999311e-02
4.180069999999999908e+01 6.557999999999999940e-02
4.211768000000000001e+01 6.517000000000000570e-02
4.245586000000000126e+01 6.478000000000000425e-02
4.269686999999999699e+01 6.436999999999999666e-02
4.305537999999999954e+01 6.399000000000000521e-02
4.336616999999999678e+01 6.360999999999999988e-02
4.365854999999999819e+01 6.322999999999999454e-02
4.395826000000000278e+01 6.285999999999999921e-02
4.426039999999999708e+01 6.248999999999999694e-02
4.455854000000000070e+01 6.212000000000000161e-02
4.487617000000000189e+01 6.176999999999999852e-02
4.517107000000000028e+01 6.140999999999999931e-02
4.549998999999999683e+01 6.106000000000000316e-02
4.578359999999999985e+01 6.069999999999999701e-02
4.610150000000000148e+01 6.035000000000000087e-02
4.640869000000000000e+01 6.001000000000000084e-02
4.673134000000000299e+01 5.967999999999999694e-02
4.703764999999999930e+01 5.934999999999999998e-02
4.735866999999999649e+01 5.902000000000000302e-02
4.766145999999999816e+01 5.868999999999999911e-02
4.797153999999999741e+01 5.836000000000000215e-02
4.828699999999999903e+01 5.804999999999999744e-02
4.862183999999999884e+01 5.773999999999999966e-02
4.896076999999999657e+01 5.743000000000000188e-02
4.924515999999999849e+01 5.713000000000000023e-02
4.955478000000000094e+01 5.682999999999999857e-02
4.986905999999999750e+01 5.653999999999999998e-02
5.018043999999999727e+01 5.625000000000000139e-02
5.050310999999999950e+01 5.596000000000000280e-02
5.087337000000000131e+01 5.568000000000000033e-02
5.122111000000000303e+01 5.539999999999999786e-02
5.154590999999999923e+01 5.512000000000000233e-02
5.185314999999999941e+01 5.485000000000000292e-02
5.216047999999999973e+01 5.457000000000000045e-02
5.243771999999999878e+01 5.430999999999999717e-02
5.274398000000000053e+01 5.403000000000000164e-02
5.306031000000000120e+01 5.376999999999999835e-02
5.338009000000000270e+01 5.351999999999999813e-02
5.373212999999999795e+01 5.326999999999999791e-02
5.405926000000000187e+01 5.301000000000000156e-02
5.438983000000000345e+01 5.276000000000000134e-02
5.468670000000000186e+01 5.251000000000000112e-02
5.502121000000000350e+01 5.226000000000000090e-02
5.533332999999999657e+01 5.201999999999999680e-02
5.563123999999999825e+01 5.177999999999999964e-02
5.595945999999999998e+01 5.152999999999999942e-02
5.628453999999999979e+01 5.127999999999999919e-02
5.655686000000000035e+01 5.106000000000000122e-02
5.687241000000000213e+01 5.083000000000000018e-02
5.718260999999999683e+01 5.059999999999999915e-02
5.751012000000000057e+01 5.036000000000000199e-02
5.781586999999999676e+01 5.013999999999999707e-02
5.811907000000000068e+01 4.991999999999999910e-02
5.842873999999999768e+01 4.968999999999999806e-02
5.872670999999999708e+01 4.947000000000000008e-02
5.904100999999999999e+01 4.925999999999999823e-02
5.934881000000000029e+01 4.902999999999999720e-02
5.962948000000000093e+01 4.882000000000000228e-02
5.996804000000000201e+01 4.861000000000000043e-02
6.028902000000000072e+01 4.839999999999999858e-02
6.059512000000000143e+01 4.819999999999999979e-02
6.090729000000000326e+01 4.798999999999999794e-02
6.122961999999999705e+01 4.778000000000000302e-02
6.152098999999999762e+01 4.757999999999999730e-02
6.181998999999999711e+01 4.737999999999999851e-02
6.217454000000000036e+01 4.717999999999999972e-02
6.251127999999999929e+01 4.698999999999999705e-02
6.280545999999999651e+01 4.678999999999999826e-02
6.311368999999999829e+01 4.660000000000000253e-02
6.342049000000000092e+01 4.640999999999999986e-02
6.376084999999999781e+01 4.621999999999999720e-02
6.406614000000000431e+01 4.603999999999999759e-02
6.437265999999999622e+01 4.585000000000000187e-02
6.469744000000000028e+01 4.567000000000000226e-02
6.502190000000000225e+01 4.547999999999999959e-02
6.531479000000000212e+01 4.531000000000000305e-02
6.565788999999999476e+01 4.513000000000000345e-02
6.595408000000000470e+01 4.494999999999999690e-02
6.627637000000000000e+01 4.478000000000000036e-02
6.659967000000000326e+01 4.460999999999999688e-02
6.693202999999999747e+01 4.442999999999999727e-02
6.728793000000000291e+01 4.420999999999999930e-02
6.758526999999999418e+01 4.404999999999999888e-02
6.790174000000000376e+01 4.388999999999999846e-02
6.821389000000000635e+01 4.370999999999999885e-02
6.859065999999999974e+01 4.354999999999999843e-02
6.891834000000000060e+01 4.338000000000000189e-02
6.921455000000000268e+01 4.322000000000000147e-02
6.954617000000000360e+01 4.306999999999999718e-02
6.984332000000000562e+01 4.290000000000000063e-02
7.015720000000000312e+01 4.275000000000000328e-02
7.048881000000000085e+01 4.259999999999999898e-02
7.078491999999999962e+01 4.245000000000000162e-02
7.107948000000000377e+01 4.229000000000000120e-02
7.140991999999999962e+01 4.213999999999999690e-02
7.171473000000000297e+01 4.200000000000000261e-02
7.201842999999999506e+01 4.184999999999999831e-02
7.235764000000000351e+01 4.170000000000000095e-02
7.266428999999999405e+01 4.155999999999999972e-02
7.298010999999999626e+01 4.141000000000000236e-02
7.331616999999999962e+01 4.127000000000000113e-02
7.361887000000000114e+01 4.112999999999999989e-02
7.393062000000000467e+01 4.098999999999999866e-02
7.426241000000000270e+01 4.084999999999999742e-02
7.464597999999999445e+01 4.071000000000000313e-02
7.496622000000000696e+01 4.057000000000000189e-02
7.526265999999999678e+01 4.043999999999999678e-02
7.557258000000000209e+01 4.030000000000000249e-02
7.590335000000000321e+01 4.016999999999999738e-02
7.628119999999999834e+01 4.003999999999999920e-02
7.658029999999999404e+01 3.991000000000000103e-02
7.690483000000000402e+01 3.976999999999999980e-02
7.720768999999999949e+01 3.964000000000000162e-02
7.751475000000000648e+01 3.951999999999999957e-02
7.780729999999999791e+01 3.939000000000000140e-02
7.810772000000000048e+01 3.926000000000000323e-02
7.845086999999999477e+01 3.914000000000000118e-02
7.877700000000000102e+01 3.901999999999999913e-02
7.909945000000000448e+01 3.889000000000000096e-02
7.938347000000000264e+01 3.876999999999999891e-02
7.974217000000000155e+01 3.864999999999999686e-02
8.005035999999999774e+01 3.853000000000000175e-02
8.037514000000000181e+01 3.840999999999999970e-02
8.069580999999999449e+01 3.828999999999999765e-02
8.097154000000000451e+01 3.817000000000000254e-02
8.128776999999999475e+01 3.805999999999999661e-02
8.163790000000000191e+01 3.794000000000000150e-02
8.193814000000000419e+01 3.783000000000000251e-02
8.225955999999999335e+01 3.771999999999999659e-02
8.257835000000000036e+01 3.760999999999999760e-02
8.289540999999999826e+01 3.749000000000000249e-02
8.320426999999999396e+01 3.737999999999999656e-02
8.355019000000000062e+01 3.726999999999999758e-02
8.385981999999999914e+01 3.715999999999999859e-02
8.417882000000000176e+01 3.706000000000000266e-02
8.449742999999999427e+01 3.694000000000000061e-02
8.481043999999999983e+01 3.683999999999999775e-02
8.515439999999999543e+01 3.672999999999999876e-02
8.546643000000000256e+01 3.663000000000000284e-02
8.582054999999999723e+01 3.652999999999999997e-02
8.614761000000000024e+01 3.642000000000000098e-02
8.650475000000000136e+01 3.631999999999999812e-02
8.682402000000000442e+01 3.622000000000000219e-02
8.716971999999999809e+01 3.611999999999999933e-02
8.752952000000000510e+01 3.601000000000000034e-02
8.787926000000000215e+01 3.592000000000000054e-02
8.822014000000000067e+01 3.577999999999999931e-02
8.849667999999999779e+01 3.568999999999999950e-02
8.882112999999999658e+01 3.558000000000000052e-02
8.917157000000000266e+01 3.549000000000000071e-02
8.948959000000000685e+01 3.538999999999999785e-02
8.983082000000000278e+01 3.529000000000000192e-02
9.016557000000000244e+01 3.520000000000000212e-02
9.048721000000000458e+01 3.509999999999999926e-02
9.082063999999999737e+01 3.500999999999999945e-02
9.113994999999999891e+01 3.490999999999999659e-02
9.147431000000000267e+01 3.481000000000000066e-02
9.179401000000000010e+01 3.472999999999999698e-02
9.212993000000000166e+01 3.463000000000000106e-02
9.243228000000000577e+01 3.454000000000000126e-02
9.278222999999999843e+01 3.445000000000000145e-02
9.311333000000000482e+01 3.436000000000000165e-02
9.341585000000000605e+01 3.427000000000000185e-02
9.376394999999999413e+01 3.418000000000000205e-02
9.407971999999999468e+01 3.409000000000000224e-02
9.441310000000000002e+01 3.400000000000000244e-02
9.474884000000000128e+01 3.391000000000000264e-02
9.507274999999999920e+01 3.382999999999999896e-02
9.537533000000000527e+01 3.373999999999999916e-02
9.572138999999999953e+01 3.364999999999999936e-02
9.605665999999999372e+01 3.357000000000000262e-02
9.638603999999999417e+01 3.348000000000000281e-02
9.674575000000000102e+01 3.339000000000000301e-02
9.705791999999999575e+01 3.330999999999999933e-02
9.736382999999999299e+01 3.323000000000000259e-02
9.769060000000000343e+01 3.314000000000000279e-02
9.803134000000000015e+01 3.305999999999999911e-02
9.835783000000000698e+01 3.298000000000000237e-02
9.864658000000000015e+01 3.289999999999999869e-02
9.899398999999999660e+01 3.282000000000000195e-02
9.933392999999999518e+01 3.273999999999999827e-02
9.965709999999999980e+01 3.264999999999999847e-02
9.998175999999999419e+01 3.257000000000000173e-02
1.002853700000000003e+02 3.248999999999999805e-02
1.006558600000000041e+02 3.241000000000000131e-02
1.010149499999999989e+02 3.234000000000000069e-02
1.013143299999999982e+02 3.225000000000000089e-02
1.016532499999999999e+02 3.218000000000000027e-02
1.020133699999999948e+02 3.209999999999999659e-02
1.023492999999999995e+02 3.201999999999999985e-02
1.026806899999999985e+02 3.194999999999999923e-02
1.030006599999999963e+02 3.187000000000000249e-02
1.033400100000000066e+02 3.180000000000000188e-02
1.036711700000000036e+02 3.171999999999999820e-02
1.040200899999999962e+02 3.164999999999999758e-02
1.043509700000000038e+02 3.157000000000000084e-02
1.046988800000000026e+02 3.146999999999999797e-02
1.049712300000000056e+02 3.139999999999999736e-02
1.052881900000000002e+02 3.132999999999999674e-02
1.056171800000000047e+02 3.125000000000000000e-02
1.059455800000000067e+02 3.117999999999999938e-02
1.062983300000000071e+02 3.110999999999999877e-02
1.066192400000000049e+02 3.104000000000000162e-02
1.069398800000000023e+02 3.097000000000000100e-02
1.072729199999999992e+02 3.089000000000000079e-02
1.076560300000000012e+02 3.082000000000000017e-02
1.079959800000000030e+02 3.075999999999999915e-02
1.083516199999999969e+02 3.068999999999999853e-02
1.086620000000000061e+02 3.062000000000000138e-02
1.090087900000000047e+02 3.055000000000000077e-02
1.093043799999999948e+02 3.048999999999999974e-02
1.096040500000000009e+02 3.041999999999999912e-02
1.099348099999999988e+02 3.034999999999999851e-02
1.102359100000000041e+02 3.028000000000000136e-02
1.105638600000000054e+02 3.022000000000000033e-02
1.108933899999999966e+02 3.014000000000000012e-02
1.112067499999999995e+02 3.007999999999999910e-02
1.115167799999999971e+02 3.002000000000000154e-02
1.118838800000000049e+02 2.995000000000000093e-02
1.121728399999999937e+02 2.988000000000000031e-02
1.124914200000000051e+02 2.981999999999999929e-02
1.128333400000000069e+02 2.976000000000000173e-02
1.131700199999999938e+02 2.969000000000000111e-02
1.135016899999999964e+02 2.963000000000000009e-02
1.138263699999999972e+02 2.956999999999999906e-02
1.141556199999999990e+02 2.951000000000000151e-02
1.144651499999999942e+02 2.944000000000000089e-02
1.148218799999999931e+02 2.937999999999999987e-02
1.151517699999999991e+02 2.931999999999999884e-02
1.154856099999999941e+02 2.926000000000000129e-02
1.158093899999999934e+02 2.920000000000000026e-02
1.161355700000000013e+02 2.913999999999999924e-02
1.164787500000000051e+02 2.908000000000000168e-02
1.168536000000000001e+02 2.902000000000000066e-02
1.171824299999999965e+02 2.895999999999999963e-02
1.174968499999999949e+02 2.889999999999999861e-02
1.178263299999999987e+02 2.884000000000000105e-02
1.181395299999999935e+02 2.878000000000000003e-02
1.184951700000000017e+02 2.872999999999999859e-02
1.188259400000000028e+02 2.863999999999999879e-02
1.191319400000000002e+02 2.858000000000000124e-02
1.194512500000000017e+02 2.852999999999999980e-02
1.197897499999999980e+02 2.846999999999999878e-02
1.201152100000000047e+02 2.841000000000000122e-02
1.204231000000000051e+02 2.835999999999999979e-02
1.207431700000000063e+02 2.829999999999999877e-02
1.210897300000000030e+02 2.824000000000000121e-02
1.214137699999999995e+02 2.818999999999999978e-02
1.217787600000000054e+02 2.812999999999999876e-02
1.221382600000000025e+02 2.808000000000000079e-02
1.224893600000000049e+02 2.802999999999999936e-02
1.228275600000000054e+02 2.796999999999999834e-02
1.231676199999999994e+02 2.792000000000000037e-02
1.234725300000000061e+02 2.785999999999999935e-02
1.237952200000000005e+02 2.781000000000000139e-02
1.241272100000000052e+02 2.775999999999999995e-02
1.244285899999999998e+02 2.770999999999999852e-02
1.247712700000000012e+02 2.765000000000000097e-02
1.250988200000000035e+02 2.759999999999999953e-02
1.254130899999999968e+02 2.753999999999999851e-02
1.257585200000000043e+02 2.749000000000000055e-02
1.261374899999999997e+02 2.744999999999999871e-02
1.265252299999999934e+02 2.739000000000000115e-02
1.268771100000000018e+02 2.733000000000000013e-02
1.272129500000000064e+02 2.728999999999999829e-02
1.275662599999999998e+02 2.724000000000000032e-02
1.278746699999999947e+02 2.718999999999999889e-02
1.281767299999999921e+02 2.714000000000000093e-02
1.285045700000000011e+02 2.708999999999999950e-02
1.288099599999999896e+02 2.704000000000000153e-02
1.291435199999999952e+02 2.699000000000000010e-02
1.294615699999999947e+02 2.693999999999999867e-02
1.297513099999999895e+02 2.689000000000000071e-02
1.301095699999999908e+02 2.683999999999999928e-02
1.304375900000000001e+02 2.680000000000000090e-02
1.307314499999999953e+02 2.673999999999999988e-02
1.310561700000000087e+02 2.668999999999999845e-02
1.313711000000000126e+02 2.665000000000000008e-02
1.317702600000000075e+02 2.657999999999999946e-02
1.320981800000000135e+02 2.653000000000000150e-02
1.323993600000000015e+02 2.648999999999999966e-02
1.327631000000000085e+02 2.644000000000000170e-02
1.331285200000000088e+02 2.639999999999999986e-02
1.334545699999999897e+02 2.634999999999999842e-02
1.337901099999999985e+02 2.629000000000000087e-02
1.341046900000000051e+02 2.624999999999999903e-02
1.344129499999999950e+02 2.621000000000000066e-02
1.347295200000000079e+02 2.615999999999999923e-02
1.350392300000000034e+02 2.612000000000000086e-02
1.353555700000000002e+02 2.606999999999999942e-02
1.356949799999999868e+02 2.603000000000000105e-02
1.359908700000000010e+02 2.597999999999999962e-02
1.363361700000000098e+02 2.593000000000000166e-02
1.367081000000000017e+02 2.588999999999999982e-02
1.370342699999999923e+02 2.585000000000000145e-02
1.373416400000000124e+02 2.580999999999999961e-02
1.377198899999999924e+02 2.576000000000000165e-02
1.380301599999999951e+02 2.571999999999999981e-02
1.383538299999999879e+02 2.566999999999999837e-02
1.386375700000000109e+02 2.563000000000000000e-02
1.389873200000000111e+02 2.559000000000000163e-02
1.393334900000000118e+02 2.554000000000000020e-02
1.396312299999999880e+02 2.549999999999999836e-02
1.399924200000000098e+02 2.545999999999999999e-02
1.403391300000000115e+02 2.542000000000000162e-02
1.406510499999999979e+02 2.537999999999999978e-02
1.418409699999999987e+02 2.523999999999999855e-02
1.420284599999999955e+02 2.520999999999999977e-02
1.423275800000000118e+02 2.515999999999999834e-02
1.426526599999999974e+02 2.511999999999999997e-02
1.429745200000000125e+02 2.509000000000000119e-02
1.449123199999999940e+02 2.486000000000000015e-02
1.450480300000000113e+02 2.481999999999999831e-02
1.453454099999999869e+02 2.477999999999999994e-02
1.456987399999999866e+02 2.474000000000000157e-02
1.460473399999999913e+02 2.470999999999999933e-02
1.463946799999999939e+02 2.467000000000000096e-02
1.467370500000000106e+02 2.462999999999999912e-02
1.470500700000000052e+02 2.459000000000000075e-02
1.473694700000000068e+02 2.454999999999999891e-02
1.477004000000000019e+02 2.452000000000000013e-02
1.480052599999999927e+02 2.447999999999999829e-02
1.483544899999999984e+02 2.443000000000000033e-02
1.486856200000000001e+02 2.438999999999999849e-02
1.489491600000000062e+02 2.435999999999999971e-02
1.493015499999999918e+02 2.432000000000000134e-02
1.496114699999999971e+02 2.427999999999999950e-02
1.499458099999999945e+02 2.425000000000000072e-02
1.502397499999999866e+02 2.420999999999999888e-02
1.505792999999999893e+02 2.417000000000000051e-02
1.509262999999999977e+02 2.412999999999999867e-02
1.512337200000000053e+02 2.409999999999999989e-02
1.515620499999999993e+02 2.406000000000000152e-02
1.518834799999999916e+02 2.402999999999999928e-02
1.522321100000000058e+02 2.399000000000000091e-02
1.525519500000000050e+02 2.394999999999999907e-02
1.529032400000000109e+02 2.392000000000000029e-02
1.532400100000000123e+02 2.387999999999999845e-02
1.536142999999999859e+02 2.384000000000000008e-02
1.539882000000000062e+02 2.380000000000000171e-02
1.542771299999999997e+02 2.375999999999999987e-02
1.545920700000000068e+02 2.372000000000000150e-02
1.549137000000000057e+02 2.368999999999999925e-02
1.552168499999999938e+02 2.365000000000000088e-02
1.555467600000000061e+02 2.361999999999999864e-02
1.558916900000000112e+02 2.358999999999999986e-02
1.562307600000000036e+02 2.355000000000000149e-02
1.565597600000000114e+02 2.350999999999999965e-02
1.569148700000000076e+02 2.348000000000000087e-02
1.571964600000000019e+02 2.344999999999999862e-02
1.575192399999999964e+02 2.341000000000000025e-02
1.578598299999999881e+02 2.336999999999999841e-02
1.581910499999999900e+02 2.333999999999999964e-02
1.585276599999999974e+02 2.331000000000000086e-02
1.588986999999999910e+02 2.327999999999999861e-02
1.592310500000000104e+02 2.324000000000000024e-02
1.596073199999999872e+02 2.321000000000000146e-02
1.599255899999999997e+02 2.317999999999999922e-02
1.602813500000000033e+02 2.314000000000000085e-02
1.606251399999999876e+02 2.310999999999999860e-02
1.609432500000000061e+02 2.307999999999999982e-02
1.612692000000000121e+02 2.305000000000000104e-02
1.615658999999999992e+02 2.300999999999999920e-02
1.618745299999999929e+02 2.297000000000000083e-02
1.622158200000000079e+02 2.293999999999999859e-02
1.625284800000000018e+02 2.290999999999999981e-02
1.628328799999999887e+02 2.288000000000000103e-02
1.631969100000000026e+02 2.284999999999999878e-02
1.635014099999999928e+02 2.282000000000000001e-02
1.638867999999999938e+02 2.276999999999999857e-02
1.641947600000000023e+02 2.273999999999999980e-02
1.645214699999999937e+02 2.270000000000000143e-02
1.648707400000000121e+02 2.267999999999999877e-02
1.652250099999999975e+02 2.264000000000000040e-02
1.655657699999999863e+02 2.261000000000000162e-02
1.658481500000000040e+02 2.257999999999999938e-02
1.661616899999999930e+02 2.255000000000000060e-02
1.665096000000000060e+02 2.251999999999999835e-02
1.668789899999999875e+02 2.248999999999999957e-02
1.672237199999999859e+02 2.246000000000000080e-02
1.676142600000000016e+02 2.242999999999999855e-02
1.679810300000000041e+02 2.239999999999999977e-02
1.682732499999999902e+02 2.237000000000000099e-02
1.685732600000000048e+02 2.233999999999999875e-02
1.703950299999999913e+02 2.217999999999999833e-02
1.705351400000000126e+02 2.214999999999999955e-02
1.708549700000000087e+02 2.212000000000000077e-02
1.711870199999999897e+02 2.208999999999999853e-02
1.715006500000000074e+02 2.205999999999999975e-02
1.718472299999999962e+02 2.203000000000000097e-02
1.722175499999999886e+02 2.199999999999999872e-02
1.725638500000000022e+02 2.196999999999999995e-02
1.728951000000000136e+02 2.194000000000000117e-02
1.731978499999999883e+02 2.191999999999999851e-02
1.735256300000000067e+02 2.188999999999999974e-02
1.738261899999999969e+02 2.186000000000000096e-02
1.741453199999999981e+02 2.183999999999999830e-02
1.744900100000000123e+02 2.179999999999999993e-02
1.748067100000000096e+02 2.177000000000000116e-02
1.751486700000000098e+02 2.173999999999999891e-02
1.754697799999999859e+02 2.171999999999999972e-02
1.757831099999999935e+02 2.169000000000000095e-02
1.761055599999999970e+02 2.165999999999999870e-02
1.764370800000000088e+02 2.162999999999999992e-02
1.767611200000000053e+02 2.160000000000000114e-02
1.770792199999999923e+02 2.156999999999999890e-02
1.774069000000000074e+02 2.154999999999999971e-02
1.777602300000000071e+02 2.152000000000000093e-02
1.781177000000000135e+02 2.148999999999999869e-02
1.784100699999999904e+02 2.145000000000000032e-02
1.787432000000000016e+02 2.143000000000000113e-02
1.790594399999999951e+02 2.139999999999999888e-02
1.793957599999999957e+02 2.137000000000000011e-02
1.797465500000000134e+02 2.135000000000000092e-02
1.800780900000000031e+02 2.131999999999999867e-02
1.803826400000000092e+02 2.128999999999999990e-02
1.807547900000000141e+02 2.126000000000000112e-02
1.810841200000000129e+02 2.123999999999999846e-02
1.814144599999999912e+02 2.120999999999999969e-02
1.817304100000000062e+02 2.119000000000000050e-02
1.820546300000000031e+02 2.117000000000000132e-02
1.824087800000000072e+02 2.112999999999999948e-02
1.827452800000000082e+02 2.110000000000000070e-02
1.830693899999999985e+02 2.106999999999999845e-02
1.833819300000000112e+02 2.104999999999999927e-02
1.837238499999999988e+02 2.103000000000000008e-02
1.841099900000000105e+02 2.100000000000000130e-02
1.844352299999999900e+02 2.097999999999999865e-02
1.847221000000000117e+02 2.094999999999999987e-02
1.850809900000000141e+02 2.093000000000000069e-02
1.854277700000000095e+02 2.089999999999999844e-02
1.857480700000000127e+02 2.087999999999999926e-02
1.860712200000000109e+02 2.085000000000000048e-02
1.864115400000000022e+02 2.082000000000000170e-02
1.867459699999999998e+02 2.078999999999999945e-02
1.870855599999999868e+02 2.076000000000000068e-02
1.874143500000000131e+02 2.074000000000000149e-02
1.877292799999999886e+02 2.070999999999999924e-02
1.880639299999999992e+02 2.069000000000000006e-02
1.883926800000000128e+02 2.066000000000000128e-02
1.887127099999999871e+02 2.063999999999999863e-02
1.890492800000000102e+02 2.060999999999999985e-02
1.893737299999999948e+02 2.058000000000000107e-02
1.897250899999999945e+02 2.057000000000000148e-02
1.900351400000000126e+02 2.053999999999999923e-02
1.903642299999999921e+02 2.051000000000000045e-02
1.906580999999999904e+02 2.049000000000000127e-02
1.910159099999999910e+02 2.045999999999999902e-02
1.913279400000000123e+02 2.043999999999999984e-02
1.916644300000000101e+02 2.042000000000000065e-02
1.920041999999999973e+02 2.038999999999999840e-02
1.923538200000000131e+02 2.036999999999999922e-02
1.926714900000000057e+02 2.034000000000000044e-02
1.929833500000000015e+02 2.032000000000000126e-02
1.933181899999999871e+02 2.029999999999999860e-02
1.936527499999999975e+02 2.026999999999999982e-02
1.939814299999999889e+02 2.025000000000000064e-02
1.942816200000000038e+02 2.023000000000000145e-02
1.945962399999999946e+02 2.020999999999999880e-02
1.949936600000000055e+02 2.017000000000000043e-02
1.952770500000000027e+02 2.015000000000000124e-02
1.956110799999999870e+02 2.011999999999999900e-02
1.959584000000000117e+02 2.009999999999999981e-02
1.962922100000000114e+02 2.008000000000000063e-02
1.966360899999999958e+02 2.004999999999999838e-02
1.970012099999999862e+02 2.002999999999999919e-02
1.973354300000000023e+02 2.001000000000000001e-02
1.976764699999999948e+02 1.998000000000000123e-02
1.979840499999999963e+02 1.995999999999999858e-02
1.983216600000000085e+02 1.993999999999999939e-02
1.986562000000000126e+02 1.992000000000000021e-02
1.989766799999999876e+02 1.989000000000000143e-02
1.992954599999999914e+02 1.986999999999999877e-02
1.996180600000000140e+02 1.984999999999999959e-02
1.999373500000000092e+02 1.983000000000000040e-02
2.002718999999999880e+02 1.980000000000000163e-02
2.006317099999999982e+02 1.977999999999999897e-02
2.009828300000000070e+02 1.975999999999999979e-02
2.012962300000000084e+02 1.974000000000000060e-02
2.016243800000000022e+02 1.972000000000000142e-02
2.019813900000000046e+02 1.968999999999999917e-02
2.023066200000000094e+02 1.966999999999999998e-02
2.026256300000000010e+02 1.965000000000000080e-02
2.029966599999999914e+02 1.961999999999999855e-02
2.032773699999999906e+02 1.959999999999999937e-02
2.036221299999999985e+02 1.957000000000000059e-02
2.039574200000000133e+02 1.955000000000000140e-02
2.042999900000000082e+02 1.952999999999999875e-02
2.046339499999999987e+02 1.950999999999999956e-02
2.049731600000000071e+02 1.949000000000000038e-02
2.053316800000000057e+02 1.947000000000000119e-02
2.056147699999999929e+02 1.943999999999999895e-02
2.059580100000000016e+02 1.941999999999999976e-02
2.062813899999999876e+02 1.940000000000000058e-02
2.065943000000000040e+02 1.938000000000000139e-02
2.069585199999999929e+02 1.935999999999999874e-02
2.072674599999999998e+02 1.932999999999999996e-02
2.076169099999999901e+02 1.931000000000000077e-02
2.079642299999999864e+02 1.929000000000000159e-02
2.083230100000000107e+02 1.926999999999999894e-02
2.086927399999999864e+02 1.924999999999999975e-02
2.090375099999999975e+02 1.923000000000000057e-02
2.093334900000000118e+02 1.921000000000000138e-02
2.096383600000000058e+02 1.918999999999999873e-02
2.099960299999999904e+02 1.916999999999999954e-02
2.103384100000000103e+02 1.914000000000000076e-02
2.106369400000000098e+02 1.913000000000000117e-02
2.110195400000000063e+02 1.909999999999999892e-02
2.113429700000000082e+02 1.907999999999999974e-02
2.116474300000000142e+02 1.905000000000000096e-02
2.119642800000000022e+02 1.902999999999999831e-02
2.123261200000000031e+02 1.900999999999999912e-02
2.126733700000000056e+02 1.899999999999999953e-02
2.129999699999999905e+02 1.898000000000000034e-02
2.133378500000000031e+02 1.896000000000000116e-02
2.136785000000000139e+02 1.892999999999999891e-02
2.139866299999999910e+02 1.891999999999999932e-02
2.142986899999999935e+02 1.890000000000000013e-02
2.146399199999999894e+02 1.887000000000000136e-02
2.149635299999999916e+02 1.884999999999999870e-02
2.152763099999999952e+02 1.882999999999999952e-02
2.156096100000000035e+02 1.881999999999999992e-02
2.159172800000000052e+02 1.879000000000000115e-02
2.162770399999999995e+02 1.876999999999999849e-02
2.166116100000000131e+02 1.875999999999999890e-02
2.169200600000000065e+02 1.873000000000000012e-02
2.172412400000000048e+02 1.871000000000000094e-02
2.175745200000000068e+02 1.868999999999999828e-02
2.178768499999999904e+02 1.866999999999999910e-02
2.182721699999999885e+02 1.864999999999999991e-02
2.186577699999999993e+02 1.863000000000000073e-02
2.189692900000000009e+02 1.861000000000000154e-02
2.192576300000000060e+02 1.859999999999999848e-02
2.196094699999999875e+02 1.856000000000000011e-02
2.199475199999999973e+02 1.855000000000000052e-02
2.203080699999999865e+02 1.853000000000000133e-02
2.206166200000000117e+02 1.851999999999999827e-02
2.209357300000000066e+02 1.848999999999999949e-02
2.212511299999999892e+02 1.847000000000000031e-02
2.215854600000000119e+02 1.846000000000000071e-02
2.219348999999999990e+02 1.844000000000000153e-02
2.222440599999999904e+02 1.840999999999999928e-02
2.225794600000000116e+02 1.839999999999999969e-02
2.228741499999999860e+02 1.838000000000000050e-02
2.232390200000000107e+02 1.836000000000000132e-02
2.235581899999999962e+02 1.833999999999999866e-02
2.238860699999999895e+02 1.831999999999999948e-02
2.242261399999999867e+02 1.830000000000000029e-02
2.245539400000000114e+02 1.829000000000000070e-02
2.248786399999999901e+02 1.825999999999999845e-02
2.252078300000000013e+02 1.824999999999999886e-02
2.255383099999999956e+02 1.822000000000000008e-02
2.258076399999999921e+02 1.821000000000000049e-02
2.261360300000000052e+02 1.818000000000000171e-02
2.265204500000000110e+02 1.815999999999999906e-02
2.268802000000000021e+02 1.813999999999999987e-02
2.271783399999999915e+02 1.813000000000000028e-02
2.275194899999999905e+02 1.811000000000000110e-02
2.278675100000000100e+02 1.808999999999999844e-02
2.282030300000000125e+02 1.806999999999999926e-02
2.285505200000000059e+02 1.805999999999999966e-02
2.288711900000000128e+02 1.804000000000000048e-02
2.292263000000000090e+02 1.802000000000000129e-02
2.295257100000000037e+02 1.799999999999999864e-02
2.298140500000000088e+02 1.797999999999999945e-02
2.301535499999999956e+02 1.796000000000000027e-02
2.305389399999999966e+02 1.795000000000000068e-02
2.308550400000000025e+02 1.793000000000000149e-02
2.311762799999999913e+02 1.790999999999999884e-02
2.315182800000000043e+02 1.788999999999999965e-02
2.318268199999999979e+02 1.788000000000000006e-02
2.321589099999999917e+02 1.786000000000000087e-02
2.324884000000000128e+02 1.785000000000000128e-02
2.328351900000000114e+02 1.780999999999999944e-02
2.331393700000000138e+02 1.779000000000000026e-02
2.334580300000000079e+02 1.778000000000000067e-02
2.337776000000000067e+02 1.776000000000000148e-02
2.341651200000000017e+02 1.773999999999999883e-02
2.344604099999999960e+02 1.772999999999999923e-02
2.347590600000000052e+02 1.771000000000000005e-02
2.351608799999999917e+02 1.769000000000000086e-02
2.355126700000000142e+02 1.767000000000000168e-02
2.358057499999999891e+02 1.765999999999999862e-02
2.361423599999999965e+02 1.763999999999999943e-02
2.364552500000000066e+02 1.762000000000000025e-02
2.367792499999999905e+02 1.761000000000000065e-02
2.370994300000000123e+02 1.759000000000000147e-02
2.374446299999999894e+02 1.756999999999999881e-02
2.377566400000000044e+02 1.755999999999999922e-02
2.380927399999999921e+02 1.754000000000000004e-02
2.384383300000000077e+02 1.752000000000000085e-02
2.388139500000000055e+02 1.751000000000000126e-02
2.391152999999999906e+02 1.747999999999999901e-02
2.394919399999999996e+02 1.745999999999999983e-02
2.397616600000000062e+02 1.744000000000000064e-02
2.400980900000000133e+02 1.743000000000000105e-02
2.404482899999999859e+02 1.740999999999999839e-02
2.407936300000000074e+02 1.739999999999999880e-02
2.411069300000000055e+02 1.737999999999999962e-02
2.414318299999999908e+02 1.737000000000000002e-02
2.417915900000000136e+02 1.735000000000000084e-02
2.420987199999999859e+02 1.733000000000000165e-02
2.424411399999999901e+02 1.730999999999999900e-02
2.427721099999999979e+02 1.728999999999999981e-02
2.430974400000000060e+02 1.728000000000000022e-02
2.434237699999999904e+02 1.726000000000000104e-02
2.437417599999999993e+02 1.725000000000000144e-02
2.441049999999999898e+02 1.722999999999999879e-02
2.444716600000000142e+02 1.721999999999999920e-02
2.447685299999999984e+02 1.719000000000000042e-02
2.451044300000000078e+02 1.718000000000000083e-02
2.454974599999999896e+02 1.717000000000000123e-02
2.458907100000000128e+02 1.716000000000000164e-02
2.462388699999999915e+02 1.711999999999999980e-02
2.465091999999999928e+02 1.711000000000000021e-02
2.468640499999999918e+02 1.709000000000000102e-02
2.471837600000000066e+02 1.708000000000000143e-02
2.474883100000000127e+02 1.705999999999999878e-02
2.477953200000000038e+02 1.703999999999999959e-02
2.480960300000000132e+02 1.703000000000000000e-02
2.484449099999999930e+02 1.701000000000000081e-02
2.487735299999999938e+02 1.700000000000000122e-02
2.490825100000000134e+02 1.697999999999999857e-02
2.494561500000000080e+02 1.696999999999999897e-02
2.497455799999999897e+02 1.694999999999999979e-02
2.500669300000000135e+02 1.693000000000000060e-02
2.503992599999999982e+02 1.691000000000000142e-02
2.507758399999999881e+02 1.689999999999999836e-02
2.511466599999999971e+02 1.688999999999999876e-02
2.514775199999999984e+02 1.686999999999999958e-02
2.517841999999999985e+02 1.685000000000000039e-02
2.521033199999999965e+02 1.684000000000000080e-02
2.523935199999999952e+02 1.682000000000000162e-02
2.527787500000000023e+02 1.679999999999999896e-02
2.530928499999999985e+02 1.677999999999999978e-02
2.534461900000000014e+02 1.677000000000000018e-02
2.537487900000000138e+02 1.675000000000000100e-02
2.541098900000000071e+02 1.674000000000000141e-02
2.544335499999999968e+02 1.671999999999999875e-02
2.547485200000000134e+02 1.670999999999999916e-02
2.550488400000000127e+02 1.668999999999999997e-02
2.553818499999999858e+02 1.668000000000000038e-02
2.557317899999999895e+02 1.667000000000000079e-02
2.560866199999999822e+02 1.663999999999999854e-02
2.564125700000000165e+02 1.662999999999999895e-02
2.567517500000000155e+02 1.661999999999999936e-02
2.570575600000000236e+02 1.660000000000000017e-02
2.573506499999999733e+02 1.658000000000000099e-02
2.577064700000000244e+02 1.657000000000000139e-02
2.581042199999999980e+02 1.654999999999999874e-02
2.584130900000000111e+02 1.652999999999999955e-02
2.587529400000000237e+02 1.651999999999999996e-02
2.590932599999999866e+02 1.651000000000000037e-02
2.594609100000000126e+02 1.649000000000000118e-02
2.597621800000000007e+02 1.648000000000000159e-02
2.600949600000000146e+02 1.645999999999999894e-02
2.604188199999999824e+02 1.644999999999999934e-02
2.607442800000000034e+02 1.643000000000000016e-02
2.610781900000000064e+02 1.642000000000000057e-02
2.613983000000000061e+02 1.640000000000000138e-02
2.617345300000000066e+02 1.638999999999999832e-02
2.620774700000000053e+02 1.636999999999999914e-02
2.624329399999999737e+02 1.634999999999999995e-02
2.627431000000000267e+02 1.634000000000000036e-02
2.630408499999999776e+02 1.632000000000000117e-02
2.633678300000000263e+02 1.631000000000000158e-02
2.637124900000000025e+02 1.629999999999999852e-02
2.640416599999999789e+02 1.627999999999999933e-02
2.643811200000000099e+02 1.626000000000000015e-02
2.646940200000000232e+02 1.625000000000000056e-02
2.650551800000000071e+02 1.624000000000000096e-02
2.653929699999999912e+02 1.623000000000000137e-02
2.657024499999999989e+02 1.620999999999999872e-02
2.660546299999999746e+02 1.618999999999999953e-02
2.664300999999999817e+02 1.617999999999999994e-02
2.667708400000000211e+02 1.617000000000000035e-02
2.671055099999999811e+02 1.615000000000000116e-02
2.674222700000000259e+02 1.614000000000000157e-02
2.677600100000000225e+02 1.611999999999999891e-02
2.680370199999999841e+02 1.610999999999999932e-02
2.683934199999999919e+02 1.609999999999999973e-02
2.686912699999999745e+02 1.608000000000000054e-02
2.690452000000000226e+02 1.606000000000000136e-02
2.693261100000000283e+02 1.604999999999999830e-02
2.696513400000000047e+02 1.602999999999999911e-02
2.699923999999999751e+02 1.601999999999999952e-02
2.703096600000000080e+02 1.600999999999999993e-02
2.706317900000000236e+02 1.599000000000000074e-02
2.709788199999999847e+02 1.598000000000000115e-02
2.713202800000000252e+02 1.597000000000000156e-02
2.716797799999999938e+02 1.594999999999999890e-02
2.720013700000000085e+02 1.593999999999999931e-02
2.723544299999999794e+02 1.592999999999999972e-02
2.726968200000000024e+02 1.591000000000000053e-02
2.730138499999999908e+02 1.590000000000000094e-02
2.733206000000000131e+02 1.587999999999999828e-02
2.736631199999999922e+02 1.586999999999999869e-02
2.739789099999999848e+02 1.585999999999999910e-02
2.743217900000000213e+02 1.583999999999999991e-02
2.746177099999999882e+02 1.582000000000000073e-02
2.749836700000000178e+02 1.581000000000000114e-02
2.753327300000000264e+02 1.580000000000000154e-02
2.756268499999999904e+02 1.577999999999999889e-02
2.759726299999999810e+02 1.577999999999999889e-02
2.763050499999999943e+02 1.575000000000000011e-02
2.766424999999999841e+02 1.574000000000000052e-02
2.769787099999999782e+02 1.573000000000000093e-02
2.773117399999999861e+02 1.570999999999999827e-02
2.776331000000000131e+02 1.569999999999999868e-02
2.779770700000000261e+02 1.568999999999999909e-02
2.783334800000000087e+02 1.567999999999999949e-02
2.786721299999999815e+02 1.566000000000000031e-02
2.789873799999999733e+02 1.565000000000000072e-02
2.793235500000000116e+02 1.564000000000000112e-02
2.796932400000000030e+02 1.562000000000000020e-02
2.800646699999999782e+02 1.561000000000000061e-02
2.804774300000000267e+02 1.558999999999999969e-02
2.807617599999999811e+02 1.558000000000000010e-02
2.810562600000000089e+02 1.557000000000000051e-02
2.814087799999999788e+02 1.554999999999999959e-02
2.817496800000000121e+02 1.553999999999999999e-02
2.820966799999999921e+02 1.553000000000000040e-02
2.823849900000000162e+02 1.550999999999999948e-02
2.827103299999999990e+02 1.549999999999999989e-02
2.830248100000000022e+02 1.549000000000000030e-02
2.833837100000000078e+02 1.546999999999999938e-02
2.837158099999999763e+02 1.545999999999999978e-02
2.840202800000000138e+02 1.545000000000000019e-02
2.843307800000000043e+02 1.544000000000000060e-02
2.846451000000000136e+02 1.541999999999999968e-02
2.849364899999999921e+02 1.540000000000000049e-02
2.853017100000000141e+02 1.540000000000000049e-02
2.856012600000000248e+02 1.537999999999999957e-02
2.859466100000000210e+02 1.536999999999999998e-02
2.862949100000000158e+02 1.535000000000000080e-02
2.866345200000000091e+02 1.533999999999999947e-02
2.869451799999999935e+02 1.532999999999999988e-02
2.872695299999999747e+02 1.531000000000000069e-02
2.875983400000000074e+02 1.529999999999999936e-02
2.878917799999999829e+02 1.528999999999999977e-02
2.882351199999999949e+02 1.528000000000000018e-02
2.885665300000000002e+02 1.525999999999999926e-02
2.888329800000000205e+02 1.524999999999999967e-02
2.892441099999999778e+02 1.524000000000000007e-02
2.895919599999999718e+02 1.521999999999999915e-02
2.899289899999999989e+02 1.520999999999999956e-02
2.902437899999999900e+02 1.519999999999999997e-02
2.905334899999999720e+02 1.519000000000000038e-02
2.908792300000000068e+02 1.516999999999999946e-02
2.911911200000000122e+02 1.515999999999999986e-02
2.915446200000000090e+02 1.515000000000000027e-02
2.918821899999999800e+02 1.514000000000000068e-02
2.922792699999999968e+02 1.512999999999999935e-02
2.925408899999999903e+02 1.511000000000000017e-02
2.928903399999999806e+02 1.510000000000000057e-02
2.932148700000000190e+02 1.508999999999999925e-02
2.935372300000000223e+02 1.507999999999999965e-02
2.938664200000000051e+02 1.506000000000000047e-02
2.942285299999999779e+02 1.504999999999999914e-02
2.945535399999999981e+02 1.502999999999999996e-02
2.948680400000000077e+02 1.502000000000000036e-02
2.952392399999999952e+02 1.501000000000000077e-02
2.955550499999999943e+02 1.498999999999999985e-02
2.959151200000000017e+02 1.498000000000000026e-02
2.962425400000000195e+02 1.497000000000000067e-02
2.965561500000000024e+02 1.495999999999999934e-02
2.967919600000000173e+02 1.494999999999999975e-02
2.971540800000000218e+02 1.494000000000000015e-02
2.974546700000000214e+02 1.493000000000000056e-02
2.977172100000000228e+02 1.491999999999999924e-02
2.979479099999999789e+02 1.490999999999999964e-02
2.981372999999999820e+02 1.490999999999999964e-02
2.983138700000000085e+02 1.490999999999999964e-02
2.984553999999999974e+02 1.490999999999999964e-02
2.985924499999999853e+02 1.490000000000000005e-02
2.987167200000000093e+02 1.490000000000000005e-02
2.988213299999999890e+02 1.490000000000000005e-02
2.989182299999999941e+02 1.490000000000000005e-02
2.990104400000000169e+02 1.490000000000000005e-02
2.990929300000000239e+02 1.489000000000000046e-02
2.991608899999999949e+02 1.489000000000000046e-02
2.992355999999999767e+02 1.489000000000000046e-02
2.992927900000000250e+02 1.489000000000000046e-02
2.993414799999999900e+02 1.489000000000000046e-02
2.993996900000000210e+02 1.489000000000000046e-02
2.994459800000000200e+02 1.489000000000000046e-02
2.994880699999999933e+02 1.489000000000000046e-02
2.995260499999999979e+02 1.489000000000000046e-02
2.995581799999999930e+02 1.489000000000000046e-02
2.995913699999999835e+02 1.489000000000000046e-02
2.996172900000000254e+02 1.489000000000000046e-02
2.996431600000000230e+02 1.489000000000000046e-02
2.996694600000000150e+02 1.489000000000000046e-02
2.996907299999999736e+02 1.489000000000000046e-02
2.997109699999999748e+02 1.488000000000000086e-02
2.997300599999999804e+02 1.489000000000000046e-02
2.997471899999999891e+02 1.489000000000000046e-02
2.997631400000000212e+02 1.489000000000000046e-02
2.997779199999999946e+02 1.488000000000000086e-02
2.997914900000000102e+02 1.488000000000000086e-02
2.998036000000000172e+02 1.489000000000000046e-02
2.998152900000000045e+02 1.489000000000000046e-02
2.998273800000000051e+02 1.489000000000000046e-02
2.998375700000000279e+02 1.488000000000000086e-02
2.998476299999999810e+02 1.488000000000000086e-02
2.998562600000000202e+02 1.489000000000000046e-02
2.998644899999999893e+02 1.489000000000000046e-02
2.998722999999999956e+02 1.488000000000000086e-02
2.998794399999999882e+02 1.489000000000000046e-02
2.998863699999999994e+02 1.488000000000000086e-02
2.998925600000000031e+02 1.488000000000000086e-02
2.998982700000000250e+02 1.488000000000000086e-02
2.999041300000000092e+02 1.488000000000000086e-02
2.999096499999999992e+02 1.488000000000000086e-02
2.999147600000000011e+02 1.488000000000000086e-02
2.999189600000000269e+02 1.488000000000000086e-02
2.999234900000000152e+02 1.488000000000000086e-02
2.999281599999999912e+02 1.488000000000000086e-02
